t	i_ind	j_ind	S1	S2
0	0	0	279.5	331.5
0	0	1	90.5	709
0	0	2	466.5	409
0	0	3	29.5	891
0	0	4	428.5	669
0	1	0	440	165
0	1	1	613.5	325
0	1	2	522	481
0	1	3	430.5	699
0	1	4	428.5	706.5
0	2	0	386	320.5
0	2	1	219	197.5
0	2	2	98.5	923
0	2	3	174.5	352
0	2	4	464.5	313
0	3	0	129.5	880.5
0	3	1	6.5	350
0	3	2	315	641
0	3	3	558.5	221
0	3	4	204.5	818
0	4	0	580	649.5
0	4	1	364.5	361
0	4	2	612.5	776.5
0	4	3	301	168
0	4	4	257	377.5
0.1	0	0	279.5	331.5
0.1	0	1	90.5	709
0.1	0	2	466.5	409
0.1	0	3	29.5	891
0.1	0	4	428.5	669
0.1	1	0	440	165
0.1	1	1	613.5	325
0.1	1	2	522	481
0.1	1	3	430.5	699
0.1	1	4	428.5	706.5
0.1	2	0	386	320.5
0.1	2	1	219	197.5
0.1	2	2	98.5	923
0.1	2	3	174.5	352
0.1	2	4	464.5	313
0.1	3	0	129.5	880.5
0.1	3	1	6.5	350
0.1	3	2	315	641
0.1	3	3	558.5	221
0.1	3	4	204.5	818
0.1	4	0	580	649.5
0.1	4	1	364.5	361
0.1	4	2	612.5	776.5
0.1	4	3	301	168
0.1	4	4	257	377.5
0.2	0	0	279.5	331.5
0.2	0	1	90.5	709
0.2	0	2	466.5	409
0.2	0	3	29.5	891
0.2	0	4	428.5	669
0.2	1	0	440	165
0.2	1	1	613.5	325
0.2	1	2	522	481
0.2	1	3	430.5	699
0.2	1	4	428.5	706.5
0.2	2	0	386	320.5
0.2	2	1	219	197.5
0.2	2	2	98.5	923
0.2	2	3	174.5	352
0.2	2	4	464.5	313
0.2	3	0	129.5	880.5
0.2	3	1	6.5	350
0.2	3	2	315	641
0.2	3	3	558.5	221
0.2	3	4	204.5	818
0.2	4	0	580	649.5
0.2	4	1	364.5	361
0.2	4	2	612.5	776.5
0.2	4	3	301	168
0.2	4	4	257	377.5
0.3	0	0	279.5	331.5
0.3	0	1	90.5	709
0.3	0	2	466.5	409
0.3	0	3	29.5	891
0.3	0	4	428.5	669
0.3	1	0	440	165
0.3	1	1	613.5	325
0.3	1	2	522	481
0.3	1	3	430.5	699
0.3	1	4	428.5	706.5
0.3	2	0	386	320.5
0.3	2	1	219	197.5
0.3	2	2	98.5	923
0.3	2	3	174.5	352
0.3	2	4	464.5	313
0.3	3	0	129.5	880.5
0.3	3	1	6.5	350
0.3	3	2	315	641
0.3	3	3	558.5	221
0.3	3	4	204.5	818
0.3	4	0	580	649.5
0.3	4	1	364.5	361
0.3	4	2	612.5	776.5
0.3	4	3	301	168
0.3	4	4	257	377.5
0.4	0	0	279.5	331.5
0.4	0	1	90.5	709
0.4	0	2	466.5	409
0.4	0	3	29.5	891
0.4	0	4	428.5	669
0.4	1	0	440	165
0.4	1	1	613.5	325
0.4	1	2	522	481
0.4	1	3	430.5	699
0.4	1	4	428.5	706.5
0.4	2	0	386	320.5
0.4	2	1	219	197.5
0.4	2	2	98.5	923
0.4	2	3	174.5	352
0.4	2	4	464.5	313
0.4	3	0	129.5	880.5
0.4	3	1	6.5	350
0.4	3	2	315	641
0.4	3	3	558.5	221
0.4	3	4	204.5	818
0.4	4	0	580	649.5
0.4	4	1	364.5	361
0.4	4	2	612.5	776.5
0.4	4	3	301	168
0.4	4	4	257	377.5
0.5	0	0	279.5	331.5
0.5	0	1	90.5	709
0.5	0	2	466.5	409
0.5	0	3	29.5	891
0.5	0	4	428.5	669
0.5	1	0	440	165
0.5	1	1	613.5	325
0.5	1	2	522	481
0.5	1	3	430.5	699
0.5	1	4	428.5	706.5
0.5	2	0	386	320.5
0.5	2	1	219	197.5
0.5	2	2	98.5	923
0.5	2	3	174.5	352
0.5	2	4	464.5	313
0.5	3	0	129.5	880.5
0.5	3	1	6.5	350
0.5	3	2	315	641
0.5	3	3	558.5	221
0.5	3	4	204.5	818
0.5	4	0	580	649.5
0.5	4	1	364.5	361
0.5	4	2	612.5	776.5
0.5	4	3	301	168
0.5	4	4	257	377.5
0.6	0	0	279.5	331.5
0.6	0	1	90.5	709
0.6	0	2	466.5	409
0.6	0	3	29.5	891
0.6	0	4	428.5	669
0.6	1	0	440	165
0.6	1	1	613.5	325
0.6	1	2	522	481
0.6	1	3	430.5	699
0.6	1	4	428.5	706.5
0.6	2	0	386	320.5
0.6	2	1	219	197.5
0.6	2	2	98.5	923
0.6	2	3	174.5	352
0.6	2	4	464.5	313
0.6	3	0	129.5	880.5
0.6	3	1	6.5	350
0.6	3	2	315	641
0.6	3	3	558.5	221
0.6	3	4	204.5	818
0.6	4	0	580	649.5
0.6	4	1	364.5	361
0.6	4	2	612.5	776.5
0.6	4	3	301	168
0.6	4	4	257	377.5
0.7	0	0	279.5	331.5
0.7	0	1	90.5	709
0.7	0	2	466.5	409
0.7	0	3	29.5	891
0.7	0	4	428.5	669
0.7	1	0	440	165
0.7	1	1	613.5	325
0.7	1	2	522	481
0.7	1	3	430.5	699
0.7	1	4	428.5	706.5
0.7	2	0	386	320.5
0.7	2	1	219	197.5
0.7	2	2	98.5	923
0.7	2	3	174.5	352
0.7	2	4	464.5	313
0.7	3	0	129.5	880.5
0.7	3	1	6.5	350
0.7	3	2	315	641
0.7	3	3	558.5	221
0.7	3	4	204.5	818
0.7	4	0	580	649.5
0.7	4	1	364.5	361
0.7	4	2	612.5	776.5
0.7	4	3	301	168
0.7	4	4	257	377.5
0.8	0	0	279.5	331.5
0.8	0	1	90.5	709
0.8	0	2	466.5	409
0.8	0	3	29.5	891
0.8	0	4	428.5	669
0.8	1	0	440	165
0.8	1	1	613.5	325
0.8	1	2	522	481
0.8	1	3	430.5	699
0.8	1	4	428.5	706.5
0.8	2	0	386	320.5
0.8	2	1	219	197.5
0.8	2	2	98.5	923
0.8	2	3	174.5	352
0.8	2	4	464.5	313
0.8	3	0	129.5	880.5
0.8	3	1	6.5	350
0.8	3	2	315	641
0.8	3	3	558.5	221
0.8	3	4	204.5	818
0.8	4	0	580	649.5
0.8	4	1	364.5	361
0.8	4	2	612.5	776.5
0.8	4	3	301	168
0.8	4	4	257	377.5
0.9	0	0	279.5	331.5
0.9	0	1	90.5	709
0.9	0	2	466.5	409
0.9	0	3	29.5	891
0.9	0	4	428.5	669
0.9	1	0	440	165
0.9	1	1	613.5	325
0.9	1	2	522	481
0.9	1	3	430.5	699
0.9	1	4	428.5	706.5
0.9	2	0	386	320.5
0.9	2	1	219	197.5
0.9	2	2	98.5	923
0.9	2	3	174.5	352
0.9	2	4	464.5	313
0.9	3	0	129.5	880.5
0.9	3	1	6.5	350
0.9	3	2	315	641
0.9	3	3	558.5	221
0.9	3	4	204.5	818
0.9	4	0	580	649.5
0.9	4	1	364.5	361
0.9	4	2	612.5	776.5
0.9	4	3	301	168
0.9	4	4	257	377.5
1	0	0	279.5	331.5
1	0	1	90.5	709
1	0	2	466.5	409
1	0	3	29.5	891
1	0	4	428.5	669
1	1	0	440	165
1	1	1	613.5	325
1	1	2	522	481
1	1	3	430.5	699
1	1	4	428.5	706.5
1	2	0	386	320.5
1	2	1	219	197.5
1	2	2	98.5	923
1	2	3	174.5	352
1	2	4	464.5	313
1	3	0	129.5	880.5
1	3	1	6.5	350
1	3	2	315	641
1	3	3	558.5	221
1	3	4	204.5	818
1	4	0	580	649.5
1	4	1	364.5	361
1	4	2	612.5	776.5
1	4	3	301	168
1	4	4	257	377.5
1.1	0	0	229.5	358.054
1.1	0	1	50.5	742.801
1.1	0	2	426.5	443.556
1.1	0	3	9.5	907.746
1.1	0	4	398.5	691.76
1.1	1	0	420	189.651
1.1	1	1	533.5	371.376
1.1	1	2	472	518.199
1.1	1	3	370.5	730.814
1.1	1	4	398.5	711.21
1.1	2	0	316	350.288
1.1	2	1	209	202.035
1.1	2	2	88.5	927.943
1.1	2	3	134.5	364.336
1.1	2	4	404.5	348.125
1.1	3	0	109.5	889.94
1.1	3	1	6.5	400.795
1.1	3	2	245	688.2
1.1	3	3	528.5	238.276
1.1	3	4	174.5	832.461
1.1	4	0	540	665.402
1.1	4	1	324.5	391.637
1.1	4	2	552.5	808.606
1.1	4	3	281	181.424
1.1	4	4	227	404.505
1.2	0	0	229.5	358.054
1.2	0	1	50.5	742.801
1.2	0	2	426.5	443.556
1.2	0	3	9.5	907.746
1.2	0	4	398.5	691.76
1.2	1	0	420	189.651
1.2	1	1	533.5	371.376
1.2	1	2	472	518.199
1.2	1	3	370.5	730.814
1.2	1	4	398.5	711.21
1.2	2	0	316	350.288
1.2	2	1	209	202.035
1.2	2	2	88.5	927.943
1.2	2	3	134.5	364.336
1.2	2	4	404.5	348.125
1.2	3	0	109.5	889.94
1.2	3	1	6.5	400.795
1.2	3	2	245	688.2
1.2	3	3	528.5	238.276
1.2	3	4	174.5	832.461
1.2	4	0	540	665.402
1.2	4	1	324.5	391.637
1.2	4	2	552.5	808.606
1.2	4	3	281	181.424
1.2	4	4	227	404.505
1.3	0	0	229.5	358.054
1.3	0	1	50.5	742.801
1.3	0	2	426.5	443.556
1.3	0	3	9.5	907.746
1.3	0	4	398.5	691.76
1.3	1	0	420	189.651
1.3	1	1	533.5	371.376
1.3	1	2	472	518.199
1.3	1	3	370.5	730.814
1.3	1	4	398.5	711.21
1.3	2	0	316	350.288
1.3	2	1	209	202.035
1.3	2	2	88.5	927.943
1.3	2	3	134.5	364.336
1.3	2	4	404.5	348.125
1.3	3	0	109.5	889.94
1.3	3	1	6.5	400.795
1.3	3	2	245	688.2
1.3	3	3	528.5	238.276
1.3	3	4	174.5	832.461
1.3	4	0	540	665.402
1.3	4	1	324.5	391.637
1.3	4	2	552.5	808.606
1.3	4	3	281	181.424
1.3	4	4	227	404.505
1.4	0	0	229.5	358.054
1.4	0	1	50.5	742.801
1.4	0	2	426.5	443.556
1.4	0	3	9.5	907.746
1.4	0	4	398.5	691.76
1.4	1	0	420	189.651
1.4	1	1	533.5	371.376
1.4	1	2	472	518.199
1.4	1	3	370.5	730.814
1.4	1	4	398.5	711.21
1.4	2	0	316	350.288
1.4	2	1	209	202.035
1.4	2	2	88.5	927.943
1.4	2	3	134.5	364.336
1.4	2	4	404.5	348.125
1.4	3	0	109.5	889.94
1.4	3	1	6.5	400.795
1.4	3	2	245	688.2
1.4	3	3	528.5	238.276
1.4	3	4	174.5	832.461
1.4	4	0	540	665.402
1.4	4	1	324.5	391.637
1.4	4	2	552.5	808.606
1.4	4	3	281	181.424
1.4	4	4	227	404.505
1.5	0	0	229.5	358.054
1.5	0	1	50.5	742.801
1.5	0	2	426.5	443.556
1.5	0	3	9.5	907.746
1.5	0	4	398.5	691.76
1.5	1	0	420	189.651
1.5	1	1	533.5	371.376
1.5	1	2	472	518.199
1.5	1	3	370.5	730.814
1.5	1	4	398.5	711.21
1.5	2	0	316	350.288
1.5	2	1	209	202.035
1.5	2	2	88.5	927.943
1.5	2	3	134.5	364.336
1.5	2	4	404.5	348.125
1.5	3	0	109.5	889.94
1.5	3	1	6.5	400.795
1.5	3	2	245	688.2
1.5	3	3	528.5	238.276
1.5	3	4	174.5	832.461
1.5	4	0	540	665.402
1.5	4	1	324.5	391.637
1.5	4	2	552.5	808.606
1.5	4	3	281	181.424
1.5	4	4	227	404.505
1.6	0	0	229.5	358.054
1.6	0	1	50.5	742.801
1.6	0	2	426.5	443.556
1.6	0	3	9.5	907.746
1.6	0	4	398.5	691.76
1.6	1	0	420	189.651
1.6	1	1	533.5	371.376
1.6	1	2	472	518.199
1.6	1	3	370.5	730.814
1.6	1	4	398.5	711.21
1.6	2	0	316	350.288
1.6	2	1	209	202.035
1.6	2	2	88.5	927.943
1.6	2	3	134.5	364.336
1.6	2	4	404.5	348.125
1.6	3	0	109.5	889.94
1.6	3	1	6.5	400.795
1.6	3	2	245	688.2
1.6	3	3	528.5	238.276
1.6	3	4	174.5	832.461
1.6	4	0	540	665.402
1.6	4	1	324.5	391.637
1.6	4	2	552.5	808.606
1.6	4	3	281	181.424
1.6	4	4	227	404.505
1.7	0	0	229.5	358.054
1.7	0	1	50.5	742.801
1.7	0	2	426.5	443.556
1.7	0	3	9.5	907.746
1.7	0	4	398.5	691.76
1.7	1	0	420	189.651
1.7	1	1	533.5	371.376
1.7	1	2	472	518.199
1.7	1	3	370.5	730.814
1.7	1	4	398.5	711.21
1.7	2	0	316	350.288
1.7	2	1	209	202.035
1.7	2	2	88.5	927.943
1.7	2	3	134.5	364.336
1.7	2	4	404.5	348.125
1.7	3	0	109.5	889.94
1.7	3	1	6.5	400.795
1.7	3	2	245	688.2
1.7	3	3	528.5	238.276
1.7	3	4	174.5	832.461
1.7	4	0	540	665.402
1.7	4	1	324.5	391.637
1.7	4	2	552.5	808.606
1.7	4	3	281	181.424
1.7	4	4	227	404.505
1.8	0	0	229.5	358.054
1.8	0	1	50.5	742.801
1.8	0	2	426.5	443.556
1.8	0	3	9.5	907.746
1.8	0	4	398.5	691.76
1.8	1	0	420	189.651
1.8	1	1	533.5	371.376
1.8	1	2	472	518.199
1.8	1	3	370.5	730.814
1.8	1	4	398.5	711.21
1.8	2	0	316	350.288
1.8	2	1	209	202.035
1.8	2	2	88.5	927.943
1.8	2	3	134.5	364.336
1.8	2	4	404.5	348.125
1.8	3	0	109.5	889.94
1.8	3	1	6.5	400.795
1.8	3	2	245	688.2
1.8	3	3	528.5	238.276
1.8	3	4	174.5	832.461
1.8	4	0	540	665.402
1.8	4	1	324.5	391.637
1.8	4	2	552.5	808.606
1.8	4	3	281	181.424
1.8	4	4	227	404.505
1.9	0	0	229.5	358.054
1.9	0	1	50.5	742.801
1.9	0	2	426.5	443.556
1.9	0	3	9.5	907.746
1.9	0	4	398.5	691.76
1.9	1	0	420	189.651
1.9	1	1	533.5	371.376
1.9	1	2	472	518.199
1.9	1	3	370.5	730.814
1.9	1	4	398.5	711.21
1.9	2	0	316	350.288
1.9	2	1	209	202.035
1.9	2	2	88.5	927.943
1.9	2	3	134.5	364.336
1.9	2	4	404.5	348.125
1.9	3	0	109.5	889.94
1.9	3	1	6.5	400.795
1.9	3	2	245	688.2
1.9	3	3	528.5	238.276
1.9	3	4	174.5	832.461
1.9	4	0	540	665.402
1.9	4	1	324.5	391.637
1.9	4	2	552.5	808.606
1.9	4	3	281	181.424
1.9	4	4	227	404.505
2	0	0	189.5	396.128
2	0	1	30.5	765.722
2	0	2	396.5	493.579
2	0	3	9.5	936.514
2	0	4	368.5	719.137
2	1	0	390	231.871
2	1	1	493.5	441.757
2	1	2	422	594.474
2	1	3	320.5	805.977
2	1	4	358.5	757.998
2	2	0	266	424.034
2	2	1	189	224.038
2	2	2	78.5	937.622
2	2	3	94.5	429.852
2	2	4	354.5	422.048
2	3	0	69.5	947.888
2	3	1	6.5	507.759
2	3	2	185	765.345
2	3	3	518.5	254.767
2	3	4	124.5	908.297
2	4	0	500	700.387
2	4	1	274.5	453.6
2	4	2	522.5	845.684
2	4	3	271	200.484
2	4	4	197	436.321
2.1	0	0	189.5	396.128
2.1	0	1	30.5	765.722
2.1	0	2	396.5	493.579
2.1	0	3	9.5	936.514
2.1	0	4	368.5	719.137
2.1	1	0	390	231.871
2.1	1	1	493.5	441.757
2.1	1	2	422	594.474
2.1	1	3	320.5	805.977
2.1	1	4	358.5	757.998
2.1	2	0	266	424.034
2.1	2	1	189	224.038
2.1	2	2	78.5	937.622
2.1	2	3	94.5	429.852
2.1	2	4	354.5	422.048
2.1	3	0	69.5	947.888
2.1	3	1	6.5	507.759
2.1	3	2	185	765.345
2.1	3	3	518.5	254.767
2.1	3	4	124.5	908.297
2.1	4	0	500	700.387
2.1	4	1	274.5	453.6
2.1	4	2	522.5	845.684
2.1	4	3	271	200.484
2.1	4	4	197	436.321
2.2	0	0	189.5	396.128
2.2	0	1	30.5	765.722
2.2	0	2	396.5	493.579
2.2	0	3	9.5	936.514
2.2	0	4	368.5	719.137
2.2	1	0	390	231.871
2.2	1	1	493.5	441.757
2.2	1	2	422	594.474
2.2	1	3	320.5	805.977
2.2	1	4	358.5	757.998
2.2	2	0	266	424.034
2.2	2	1	189	224.038
2.2	2	2	78.5	937.622
2.2	2	3	94.5	429.852
2.2	2	4	354.5	422.048
2.2	3	0	69.5	947.888
2.2	3	1	6.5	507.759
2.2	3	2	185	765.345
2.2	3	3	518.5	254.767
2.2	3	4	124.5	908.297
2.2	4	0	500	700.387
2.2	4	1	274.5	453.6
2.2	4	2	522.5	845.684
2.2	4	3	271	200.484
2.2	4	4	197	436.321
2.3	0	0	189.5	396.128
2.3	0	1	30.5	765.722
2.3	0	2	396.5	493.579
2.3	0	3	9.5	936.514
2.3	0	4	368.5	719.137
2.3	1	0	390	231.871
2.3	1	1	493.5	441.757
2.3	1	2	422	594.474
2.3	1	3	320.5	805.977
2.3	1	4	358.5	757.998
2.3	2	0	266	424.034
2.3	2	1	189	224.038
2.3	2	2	78.5	937.622
2.3	2	3	94.5	429.852
2.3	2	4	354.5	422.048
2.3	3	0	69.5	947.888
2.3	3	1	6.5	507.759
2.3	3	2	185	765.345
2.3	3	3	518.5	254.767
2.3	3	4	124.5	908.297
2.3	4	0	500	700.387
2.3	4	1	274.5	453.6
2.3	4	2	522.5	845.684
2.3	4	3	271	200.484
2.3	4	4	197	436.321
2.4	0	0	189.5	396.128
2.4	0	1	30.5	765.722
2.4	0	2	396.5	493.579
2.4	0	3	9.5	936.514
2.4	0	4	368.5	719.137
2.4	1	0	390	231.871
2.4	1	1	493.5	441.757
2.4	1	2	422	594.474
2.4	1	3	320.5	805.977
2.4	1	4	358.5	757.998
2.4	2	0	266	424.034
2.4	2	1	189	224.038
2.4	2	2	78.5	937.622
2.4	2	3	94.5	429.852
2.4	2	4	354.5	422.048
2.4	3	0	69.5	947.888
2.4	3	1	6.5	507.759
2.4	3	2	185	765.345
2.4	3	3	518.5	254.767
2.4	3	4	124.5	908.297
2.4	4	0	500	700.387
2.4	4	1	274.5	453.6
2.4	4	2	522.5	845.684
2.4	4	3	271	200.484
2.4	4	4	197	436.321
2.5	0	0	189.5	396.128
2.5	0	1	30.5	765.722
2.5	0	2	396.5	493.579
2.5	0	3	9.5	936.514
2.5	0	4	368.5	719.137
2.5	1	0	390	231.871
2.5	1	1	493.5	441.757
2.5	1	2	422	594.474
2.5	1	3	320.5	805.977
2.5	1	4	358.5	757.998
2.5	2	0	266	424.034
2.5	2	1	189	224.038
2.5	2	2	78.5	937.622
2.5	2	3	94.5	429.852
2.5	2	4	354.5	422.048
2.5	3	0	69.5	947.888
2.5	3	1	6.5	507.759
2.5	3	2	185	765.345
2.5	3	3	518.5	254.767
2.5	3	4	124.5	908.297
2.5	4	0	500	700.387
2.5	4	1	274.5	453.6
2.5	4	2	522.5	845.684
2.5	4	3	271	200.484
2.5	4	4	197	436.321
2.6	0	0	189.5	396.128
2.6	0	1	30.5	765.722
2.6	0	2	396.5	493.579
2.6	0	3	9.5	936.514
2.6	0	4	368.5	719.137
2.6	1	0	390	231.871
2.6	1	1	493.5	441.757
2.6	1	2	422	594.474
2.6	1	3	320.5	805.977
2.6	1	4	358.5	757.998
2.6	2	0	266	424.034
2.6	2	1	189	224.038
2.6	2	2	78.5	937.622
2.6	2	3	94.5	429.852
2.6	2	4	354.5	422.048
2.6	3	0	69.5	947.888
2.6	3	1	6.5	507.759
2.6	3	2	185	765.345
2.6	3	3	518.5	254.767
2.6	3	4	124.5	908.297
2.6	4	0	500	700.387
2.6	4	1	274.5	453.6
2.6	4	2	522.5	845.684
2.6	4	3	271	200.484
2.6	4	4	197	436.321
2.7	0	0	189.5	396.128
2.7	0	1	30.5	765.722
2.7	0	2	396.5	493.579
2.7	0	3	9.5	936.514
2.7	0	4	368.5	719.137
2.7	1	0	390	231.871
2.7	1	1	493.5	441.757
2.7	1	2	422	594.474
2.7	1	3	320.5	805.977
2.7	1	4	358.5	757.998
2.7	2	0	266	424.034
2.7	2	1	189	224.038
2.7	2	2	78.5	937.622
2.7	2	3	94.5	429.852
2.7	2	4	354.5	422.048
2.7	3	0	69.5	947.888
2.7	3	1	6.5	507.759
2.7	3	2	185	765.345
2.7	3	3	518.5	254.767
2.7	3	4	124.5	908.297
2.7	4	0	500	700.387
2.7	4	1	274.5	453.6
2.7	4	2	522.5	845.684
2.7	4	3	271	200.484
2.7	4	4	197	436.321
2.8	0	0	189.5	396.128
2.8	0	1	30.5	765.722
2.8	0	2	396.5	493.579
2.8	0	3	9.5	936.514
2.8	0	4	368.5	719.137
2.8	1	0	390	231.871
2.8	1	1	493.5	441.757
2.8	1	2	422	594.474
2.8	1	3	320.5	805.977
2.8	1	4	358.5	757.998
2.8	2	0	266	424.034
2.8	2	1	189	224.038
2.8	2	2	78.5	937.622
2.8	2	3	94.5	429.852
2.8	2	4	354.5	422.048
2.8	3	0	69.5	947.888
2.8	3	1	6.5	507.759
2.8	3	2	185	765.345
2.8	3	3	518.5	254.767
2.8	3	4	124.5	908.297
2.8	4	0	500	700.387
2.8	4	1	274.5	453.6
2.8	4	2	522.5	845.684
2.8	4	3	271	200.484
2.8	4	4	197	436.321
2.9	0	0	189.5	396.128
2.9	0	1	30.5	765.722
2.9	0	2	396.5	493.579
2.9	0	3	9.5	936.514
2.9	0	4	368.5	719.137
2.9	1	0	390	231.871
2.9	1	1	493.5	441.757
2.9	1	2	422	594.474
2.9	1	3	320.5	805.977
2.9	1	4	358.5	757.998
2.9	2	0	266	424.034
2.9	2	1	189	224.038
2.9	2	2	78.5	937.622
2.9	2	3	94.5	429.852
2.9	2	4	354.5	422.048
2.9	3	0	69.5	947.888
2.9	3	1	6.5	507.759
2.9	3	2	185	765.345
2.9	3	3	518.5	254.767
2.9	3	4	124.5	908.297
2.9	4	0	500	700.387
2.9	4	1	274.5	453.6
2.9	4	2	522.5	845.684
2.9	4	3	271	200.484
2.9	4	4	197	436.321
3	0	0	149.5	417.699
3	0	1	0.5	809.677
3	0	2	366.5	546.895
3	0	3	9.5	966.919
3	0	4	328.5	765.272
3	1	0	360	260.233
3	1	1	463.5	500.245
3	1	2	402	625.34
3	1	3	280.5	880.827
3	1	4	338.5	776.453
3	2	0	196	545.78
3	2	1	159	249.704
3	2	2	58.5	967.655
3	2	3	54.5	502.775
3	2	4	304.5	486.821
3	3	0	39.5	993.084
3	3	1	6.5	591.004
3	3	2	145	829.913
3	3	3	498.5	293.618
3	3	4	74.5	953.619
3	4	0	460	754.065
3	4	1	244.5	479.375
3	4	2	452.5	935.006
3	4	3	251	240.54
3	4	4	167	471.711
3.1	0	0	149.5	417.699
3.1	0	1	0.5	809.677
3.1	0	2	366.5	546.895
3.1	0	3	9.5	966.919
3.1	0	4	328.5	765.272
3.1	1	0	360	260.233
3.1	1	1	463.5	500.245
3.1	1	2	402	625.34
3.1	1	3	280.5	880.827
3.1	1	4	338.5	776.453
3.1	2	0	196	545.78
3.1	2	1	159	249.704
3.1	2	2	58.5	967.655
3.1	2	3	54.5	502.775
3.1	2	4	304.5	486.821
3.1	3	0	39.5	993.084
3.1	3	1	6.5	591.004
3.1	3	2	145	829.913
3.1	3	3	498.5	293.618
3.1	3	4	74.5	953.619
3.1	4	0	460	754.065
3.1	4	1	244.5	479.375
3.1	4	2	452.5	935.006
3.1	4	3	251	240.54
3.1	4	4	167	471.711
3.2	0	0	149.5	417.699
3.2	0	1	0.5	809.677
3.2	0	2	366.5	546.895
3.2	0	3	9.5	966.919
3.2	0	4	328.5	765.272
3.2	1	0	360	260.233
3.2	1	1	463.5	500.245
3.2	1	2	402	625.34
3.2	1	3	280.5	880.827
3.2	1	4	338.5	776.453
3.2	2	0	196	545.78
3.2	2	1	159	249.704
3.2	2	2	58.5	967.655
3.2	2	3	54.5	502.775
3.2	2	4	304.5	486.821
3.2	3	0	39.5	993.084
3.2	3	1	6.5	591.004
3.2	3	2	145	829.913
3.2	3	3	498.5	293.618
3.2	3	4	74.5	953.619
3.2	4	0	460	754.065
3.2	4	1	244.5	479.375
3.2	4	2	452.5	935.006
3.2	4	3	251	240.54
3.2	4	4	167	471.711
3.3	0	0	149.5	417.699
3.3	0	1	0.5	809.677
3.3	0	2	366.5	546.895
3.3	0	3	9.5	966.919
3.3	0	4	328.5	765.272
3.3	1	0	360	260.233
3.3	1	1	463.5	500.245
3.3	1	2	402	625.34
3.3	1	3	280.5	880.827
3.3	1	4	338.5	776.453
3.3	2	0	196	545.78
3.3	2	1	159	249.704
3.3	2	2	58.5	967.655
3.3	2	3	54.5	502.775
3.3	2	4	304.5	486.821
3.3	3	0	39.5	993.084
3.3	3	1	6.5	591.004
3.3	3	2	145	829.913
3.3	3	3	498.5	293.618
3.3	3	4	74.5	953.619
3.3	4	0	460	754.065
3.3	4	1	244.5	479.375
3.3	4	2	452.5	935.006
3.3	4	3	251	240.54
3.3	4	4	167	471.711
3.4	0	0	149.5	417.699
3.4	0	1	0.5	809.677
3.4	0	2	366.5	546.895
3.4	0	3	9.5	966.919
3.4	0	4	328.5	765.272
3.4	1	0	360	260.233
3.4	1	1	463.5	500.245
3.4	1	2	402	625.34
3.4	1	3	280.5	880.827
3.4	1	4	338.5	776.453
3.4	2	0	196	545.78
3.4	2	1	159	249.704
3.4	2	2	58.5	967.655
3.4	2	3	54.5	502.775
3.4	2	4	304.5	486.821
3.4	3	0	39.5	993.084
3.4	3	1	6.5	591.004
3.4	3	2	145	829.913
3.4	3	3	498.5	293.618
3.4	3	4	74.5	953.619
3.4	4	0	460	754.065
3.4	4	1	244.5	479.375
3.4	4	2	452.5	935.006
3.4	4	3	251	240.54
3.4	4	4	167	471.711
3.5	0	0	149.5	417.699
3.5	0	1	0.5	809.677
3.5	0	2	366.5	546.895
3.5	0	3	9.5	966.919
3.5	0	4	328.5	765.272
3.5	1	0	360	260.233
3.5	1	1	463.5	500.245
3.5	1	2	402	625.34
3.5	1	3	280.5	880.827
3.5	1	4	338.5	776.453
3.5	2	0	196	545.78
3.5	2	1	159	249.704
3.5	2	2	58.5	967.655
3.5	2	3	54.5	502.775
3.5	2	4	304.5	486.821
3.5	3	0	39.5	993.084
3.5	3	1	6.5	591.004
3.5	3	2	145	829.913
3.5	3	3	498.5	293.618
3.5	3	4	74.5	953.619
3.5	4	0	460	754.065
3.5	4	1	244.5	479.375
3.5	4	2	452.5	935.006
3.5	4	3	251	240.54
3.5	4	4	167	471.711
3.6	0	0	149.5	417.699
3.6	0	1	0.5	809.677
3.6	0	2	366.5	546.895
3.6	0	3	9.5	966.919
3.6	0	4	328.5	765.272
3.6	1	0	360	260.233
3.6	1	1	463.5	500.245
3.6	1	2	402	625.34
3.6	1	3	280.5	880.827
3.6	1	4	338.5	776.453
3.6	2	0	196	545.78
3.6	2	1	159	249.704
3.6	2	2	58.5	967.655
3.6	2	3	54.5	502.775
3.6	2	4	304.5	486.821
3.6	3	0	39.5	993.084
3.6	3	1	6.5	591.004
3.6	3	2	145	829.913
3.6	3	3	498.5	293.618
3.6	3	4	74.5	953.619
3.6	4	0	460	754.065
3.6	4	1	244.5	479.375
3.6	4	2	452.5	935.006
3.6	4	3	251	240.54
3.6	4	4	167	471.711
3.7	0	0	149.5	417.699
3.7	0	1	0.5	809.677
3.7	0	2	366.5	546.895
3.7	0	3	9.5	966.919
3.7	0	4	328.5	765.272
3.7	1	0	360	260.233
3.7	1	1	463.5	500.245
3.7	1	2	402	625.34
3.7	1	3	280.5	880.827
3.7	1	4	338.5	776.453
3.7	2	0	196	545.78
3.7	2	1	159	249.704
3.7	2	2	58.5	967.655
3.7	2	3	54.5	502.775
3.7	2	4	304.5	486.821
3.7	3	0	39.5	993.084
3.7	3	1	6.5	591.004
3.7	3	2	145	829.913
3.7	3	3	498.5	293.618
3.7	3	4	74.5	953.619
3.7	4	0	460	754.065
3.7	4	1	244.5	479.375
3.7	4	2	452.5	935.006
3.7	4	3	251	240.54
3.7	4	4	167	471.711
3.8	0	0	149.5	417.699
3.8	0	1	0.5	809.677
3.8	0	2	366.5	546.895
3.8	0	3	9.5	966.919
3.8	0	4	328.5	765.272
3.8	1	0	360	260.233
3.8	1	1	463.5	500.245
3.8	1	2	402	625.34
3.8	1	3	280.5	880.827
3.8	1	4	338.5	776.453
3.8	2	0	196	545.78
3.8	2	1	159	249.704
3.8	2	2	58.5	967.655
3.8	2	3	54.5	502.775
3.8	2	4	304.5	486.821
3.8	3	0	39.5	993.084
3.8	3	1	6.5	591.004
3.8	3	2	145	829.913
3.8	3	3	498.5	293.618
3.8	3	4	74.5	953.619
3.8	4	0	460	754.065
3.8	4	1	244.5	479.375
3.8	4	2	452.5	935.006
3.8	4	3	251	240.54
3.8	4	4	167	471.711
3.9	0	0	149.5	417.699
3.9	0	1	0.5	809.677
3.9	0	2	366.5	546.895
3.9	0	3	9.5	966.919
3.9	0	4	328.5	765.272
3.9	1	0	360	260.233
3.9	1	1	463.5	500.245
3.9	1	2	402	625.34
3.9	1	3	280.5	880.827
3.9	1	4	338.5	776.453
3.9	2	0	196	545.78
3.9	2	1	159	249.704
3.9	2	2	58.5	967.655
3.9	2	3	54.5	502.775
3.9	2	4	304.5	486.821
3.9	3	0	39.5	993.084
3.9	3	1	6.5	591.004
3.9	3	2	145	829.913
3.9	3	3	498.5	293.618
3.9	3	4	74.5	953.619
3.9	4	0	460	754.065
3.9	4	1	244.5	479.375
3.9	4	2	452.5	935.006
3.9	4	3	251	240.54
3.9	4	4	167	471.711
4	0	0	99.5	469.965
4	0	1	0.5	809.677
4	0	2	336.5	592.044
4	0	3	9.5	993.44
4	0	4	308.5	790.697
4	1	0	330	304.76
4	1	1	413.5	566.538
4	1	2	362	691.376
4	1	3	250.5	937.039
4	1	4	298.5	801.91
4	2	0	126	663.751
4	2	1	139	297.447
4	2	2	48.5	978.758
4	2	3	34.5	540.442
4	2	4	254.5	534.876
4	3	0	9.5	1031.2
4	3	1	6.5	650.969
4	3	2	125	853.803
4	3	3	478.5	330.121
4	3	4	34.5	998.808
4	4	0	410	816.804
4	4	1	214.5	522.871
4	4	2	402.5	985.643
4	4	3	211	316.8
4	4	4	137	509.905
4.1	0	0	99.5	469.965
4.1	0	1	0.5	809.677
4.1	0	2	336.5	592.044
4.1	0	3	9.5	993.44
4.1	0	4	308.5	790.697
4.1	1	0	330	304.76
4.1	1	1	413.5	566.538
4.1	1	2	362	691.376
4.1	1	3	250.5	937.039
4.1	1	4	298.5	801.91
4.1	2	0	126	663.751
4.1	2	1	139	297.447
4.1	2	2	48.5	978.758
4.1	2	3	34.5	540.442
4.1	2	4	254.5	534.876
4.1	3	0	9.5	1031.2
4.1	3	1	6.5	650.969
4.1	3	2	125	853.803
4.1	3	3	478.5	330.121
4.1	3	4	34.5	998.808
4.1	4	0	410	816.804
4.1	4	1	214.5	522.871
4.1	4	2	402.5	985.643
4.1	4	3	211	316.8
4.1	4	4	137	509.905
4.2	0	0	99.5	469.965
4.2	0	1	0.5	809.677
4.2	0	2	336.5	592.044
4.2	0	3	9.5	993.44
4.2	0	4	308.5	790.697
4.2	1	0	330	304.76
4.2	1	1	413.5	566.538
4.2	1	2	362	691.376
4.2	1	3	250.5	937.039
4.2	1	4	298.5	801.91
4.2	2	0	126	663.751
4.2	2	1	139	297.447
4.2	2	2	48.5	978.758
4.2	2	3	34.5	540.442
4.2	2	4	254.5	534.876
4.2	3	0	9.5	1031.2
4.2	3	1	6.5	650.969
4.2	3	2	125	853.803
4.2	3	3	478.5	330.121
4.2	3	4	34.5	998.808
4.2	4	0	410	816.804
4.2	4	1	214.5	522.871
4.2	4	2	402.5	985.643
4.2	4	3	211	316.8
4.2	4	4	137	509.905
4.3	0	0	99.5	469.965
4.3	0	1	0.5	809.677
4.3	0	2	336.5	592.044
4.3	0	3	9.5	993.44
4.3	0	4	308.5	790.697
4.3	1	0	330	304.76
4.3	1	1	413.5	566.538
4.3	1	2	362	691.376
4.3	1	3	250.5	937.039
4.3	1	4	298.5	801.91
4.3	2	0	126	663.751
4.3	2	1	139	297.447
4.3	2	2	48.5	978.758
4.3	2	3	34.5	540.442
4.3	2	4	254.5	534.876
4.3	3	0	9.5	1031.2
4.3	3	1	6.5	650.969
4.3	3	2	125	853.803
4.3	3	3	478.5	330.121
4.3	3	4	34.5	998.808
4.3	4	0	410	816.804
4.3	4	1	214.5	522.871
4.3	4	2	402.5	985.643
4.3	4	3	211	316.8
4.3	4	4	137	509.905
4.4	0	0	99.5	469.965
4.4	0	1	0.5	809.677
4.4	0	2	336.5	592.044
4.4	0	3	9.5	993.44
4.4	0	4	308.5	790.697
4.4	1	0	330	304.76
4.4	1	1	413.5	566.538
4.4	1	2	362	691.376
4.4	1	3	250.5	937.039
4.4	1	4	298.5	801.91
4.4	2	0	126	663.751
4.4	2	1	139	297.447
4.4	2	2	48.5	978.758
4.4	2	3	34.5	540.442
4.4	2	4	254.5	534.876
4.4	3	0	9.5	1031.2
4.4	3	1	6.5	650.969
4.4	3	2	125	853.803
4.4	3	3	478.5	330.121
4.4	3	4	34.5	998.808
4.4	4	0	410	816.804
4.4	4	1	214.5	522.871
4.4	4	2	402.5	985.643
4.4	4	3	211	316.8
4.4	4	4	137	509.905
4.5	0	0	99.5	469.965
4.5	0	1	0.5	809.677
4.5	0	2	336.5	592.044
4.5	0	3	9.5	993.44
4.5	0	4	308.5	790.697
4.5	1	0	330	304.76
4.5	1	1	413.5	566.538
4.5	1	2	362	691.376
4.5	1	3	250.5	937.039
4.5	1	4	298.5	801.91
4.5	2	0	126	663.751
4.5	2	1	139	297.447
4.5	2	2	48.5	978.758
4.5	2	3	34.5	540.442
4.5	2	4	254.5	534.876
4.5	3	0	9.5	1031.2
4.5	3	1	6.5	650.969
4.5	3	2	125	853.803
4.5	3	3	478.5	330.121
4.5	3	4	34.5	998.808
4.5	4	0	410	816.804
4.5	4	1	214.5	522.871
4.5	4	2	402.5	985.643
4.5	4	3	211	316.8
4.5	4	4	137	509.905
4.6	0	0	99.5	469.965
4.6	0	1	0.5	809.677
4.6	0	2	336.5	592.044
4.6	0	3	9.5	993.44
4.6	0	4	308.5	790.697
4.6	1	0	330	304.76
4.6	1	1	413.5	566.538
4.6	1	2	362	691.376
4.6	1	3	250.5	937.039
4.6	1	4	298.5	801.91
4.6	2	0	126	663.751
4.6	2	1	139	297.447
4.6	2	2	48.5	978.758
4.6	2	3	34.5	540.442
4.6	2	4	254.5	534.876
4.6	3	0	9.5	1031.2
4.6	3	1	6.5	650.969
4.6	3	2	125	853.803
4.6	3	3	478.5	330.121
4.6	3	4	34.5	998.808
4.6	4	0	410	816.804
4.6	4	1	214.5	522.871
4.6	4	2	402.5	985.643
4.6	4	3	211	316.8
4.6	4	4	137	509.905
4.7	0	0	99.5	469.965
4.7	0	1	0.5	809.677
4.7	0	2	336.5	592.044
4.7	0	3	9.5	993.44
4.7	0	4	308.5	790.697
4.7	1	0	330	304.76
4.7	1	1	413.5	566.538
4.7	1	2	362	691.376
4.7	1	3	250.5	937.039
4.7	1	4	298.5	801.91
4.7	2	0	126	663.751
4.7	2	1	139	297.447
4.7	2	2	48.5	978.758
4.7	2	3	34.5	540.442
4.7	2	4	254.5	534.876
4.7	3	0	9.5	1031.2
4.7	3	1	6.5	650.969
4.7	3	2	125	853.803
4.7	3	3	478.5	330.121
4.7	3	4	34.5	998.808
4.7	4	0	410	816.804
4.7	4	1	214.5	522.871
4.7	4	2	402.5	985.643
4.7	4	3	211	316.8
4.7	4	4	137	509.905
4.8	0	0	99.5	469.965
4.8	0	1	0.5	809.677
4.8	0	2	336.5	592.044
4.8	0	3	9.5	993.44
4.8	0	4	308.5	790.697
4.8	1	0	330	304.76
4.8	1	1	413.5	566.538
4.8	1	2	362	691.376
4.8	1	3	250.5	937.039
4.8	1	4	298.5	801.91
4.8	2	0	126	663.751
4.8	2	1	139	297.447
4.8	2	2	48.5	978.758
4.8	2	3	34.5	540.442
4.8	2	4	254.5	534.876
4.8	3	0	9.5	1031.2
4.8	3	1	6.5	650.969
4.8	3	2	125	853.803
4.8	3	3	478.5	330.121
4.8	3	4	34.5	998.808
4.8	4	0	410	816.804
4.8	4	1	214.5	522.871
4.8	4	2	402.5	985.643
4.8	4	3	211	316.8
4.8	4	4	137	509.905
4.9	0	0	99.5	469.965
4.9	0	1	0.5	809.677
4.9	0	2	336.5	592.044
4.9	0	3	9.5	993.44
4.9	0	4	308.5	790.697
4.9	1	0	330	304.76
4.9	1	1	413.5	566.538
4.9	1	2	362	691.376
4.9	1	3	250.5	937.039
4.9	1	4	298.5	801.91
4.9	2	0	126	663.751
4.9	2	1	139	297.447
4.9	2	2	48.5	978.758
4.9	2	3	34.5	540.442
4.9	2	4	254.5	534.876
4.9	3	0	9.5	1031.2
4.9	3	1	6.5	650.969
4.9	3	2	125	853.803
4.9	3	3	478.5	330.121
4.9	3	4	34.5	998.808
4.9	4	0	410	816.804
4.9	4	1	214.5	522.871
4.9	4	2	402.5	985.643
4.9	4	3	211	316.8
4.9	4	4	137	509.905
5	0	0	99.5	469.965
5	0	1	0.5	809.677
5	0	2	336.5	592.044
5	0	3	9.5	993.44
5	0	4	308.5	790.697
5	1	0	330	304.76
5	1	1	413.5	566.538
5	1	2	362	691.376
5	1	3	250.5	937.039
5	1	4	298.5	801.91
5	2	0	126	663.751
5	2	1	139	297.447
5	2	2	48.5	978.758
5	2	3	34.5	540.442
5	2	4	254.5	534.876
5	3	0	9.5	1031.2
5	3	1	6.5	650.969
5	3	2	125	853.803
5	3	3	478.5	330.121
5	3	4	34.5	998.808
5	4	0	410	816.804
5	4	1	214.5	522.871
5	4	2	402.5	985.643
5	4	3	211	316.8
5	4	4	137	509.905
5.1	0	0	69.5	495.731
5.1	0	1	0.5	867.336
5.1	0	2	316.5	618.98
5.1	0	3	9.5	1022.56
5.1	0	4	288.5	817.69
5.1	1	0	300	337.804
5.1	1	1	393.5	606.714
5.1	1	2	312	784.223
5.1	1	3	240.5	960.999
5.1	1	4	258.5	843.286
5.1	2	0	76	769.27
5.1	2	1	109	322.826
5.1	2	2	38.5	995.512
5.1	2	3	4.5	579.586
5.1	2	4	194.5	590.635
5.1	3	0	9.5	1082.49
5.1	3	1	6.5	710.172
5.1	3	2	75	924.063
5.1	3	3	438.5	390.747
5.1	3	4	24.5	1005.71
5.1	4	0	380	862.155
5.1	4	1	174.5	562.233
5.1	4	2	342.5	1068.76
5.1	4	3	181	366.011
5.1	4	4	107	550.461
5.2	0	0	69.5	495.731
5.2	0	1	0.5	867.336
5.2	0	2	316.5	618.98
5.2	0	3	9.5	1022.56
5.2	0	4	288.5	817.69
5.2	1	0	300	337.804
5.2	1	1	393.5	606.714
5.2	1	2	312	784.223
5.2	1	3	240.5	960.999
5.2	1	4	258.5	843.286
5.2	2	0	76	769.27
5.2	2	1	109	322.826
5.2	2	2	38.5	995.512
5.2	2	3	4.5	579.586
5.2	2	4	194.5	590.635
5.2	3	0	9.5	1082.49
5.2	3	1	6.5	710.172
5.2	3	2	75	924.063
5.2	3	3	438.5	390.747
5.2	3	4	24.5	1005.71
5.2	4	0	380	862.155
5.2	4	1	174.5	562.233
5.2	4	2	342.5	1068.76
5.2	4	3	181	366.011
5.2	4	4	107	550.461
5.3	0	0	69.5	495.731
5.3	0	1	0.5	867.336
5.3	0	2	316.5	618.98
5.3	0	3	9.5	1022.56
5.3	0	4	288.5	817.69
5.3	1	0	300	337.804
5.3	1	1	393.5	606.714
5.3	1	2	312	784.223
5.3	1	3	240.5	960.999
5.3	1	4	258.5	843.286
5.3	2	0	76	769.27
5.3	2	1	109	322.826
5.3	2	2	38.5	995.512
5.3	2	3	4.5	579.586
5.3	2	4	194.5	590.635
5.3	3	0	9.5	1082.49
5.3	3	1	6.5	710.172
5.3	3	2	75	924.063
5.3	3	3	438.5	390.747
5.3	3	4	24.5	1005.71
5.3	4	0	380	862.155
5.3	4	1	174.5	562.233
5.3	4	2	342.5	1068.76
5.3	4	3	181	366.011
5.3	4	4	107	550.461
5.4	0	0	69.5	495.731
5.4	0	1	0.5	867.336
5.4	0	2	316.5	618.98
5.4	0	3	9.5	1022.56
5.4	0	4	288.5	817.69
5.4	1	0	300	337.804
5.4	1	1	393.5	606.714
5.4	1	2	312	784.223
5.4	1	3	240.5	960.999
5.4	1	4	258.5	843.286
5.4	2	0	76	769.27
5.4	2	1	109	322.826
5.4	2	2	38.5	995.512
5.4	2	3	4.5	579.586
5.4	2	4	194.5	590.635
5.4	3	0	9.5	1082.49
5.4	3	1	6.5	710.172
5.4	3	2	75	924.063
5.4	3	3	438.5	390.747
5.4	3	4	24.5	1005.71
5.4	4	0	380	862.155
5.4	4	1	174.5	562.233
5.4	4	2	342.5	1068.76
5.4	4	3	181	366.011
5.4	4	4	107	550.461
5.5	0	0	69.5	495.731
5.5	0	1	0.5	867.336
5.5	0	2	316.5	618.98
5.5	0	3	9.5	1022.56
5.5	0	4	288.5	817.69
5.5	1	0	300	337.804
5.5	1	1	393.5	606.714
5.5	1	2	312	784.223
5.5	1	3	240.5	960.999
5.5	1	4	258.5	843.286
5.5	2	0	76	769.27
5.5	2	1	109	322.826
5.5	2	2	38.5	995.512
5.5	2	3	4.5	579.586
5.5	2	4	194.5	590.635
5.5	3	0	9.5	1082.49
5.5	3	1	6.5	710.172
5.5	3	2	75	924.063
5.5	3	3	438.5	390.747
5.5	3	4	24.5	1005.71
5.5	4	0	380	862.155
5.5	4	1	174.5	562.233
5.5	4	2	342.5	1068.76
5.5	4	3	181	366.011
5.5	4	4	107	550.461
5.6	0	0	69.5	495.731
5.6	0	1	0.5	867.336
5.6	0	2	316.5	618.98
5.6	0	3	9.5	1022.56
5.6	0	4	288.5	817.69
5.6	1	0	300	337.804
5.6	1	1	393.5	606.714
5.6	1	2	312	784.223
5.6	1	3	240.5	960.999
5.6	1	4	258.5	843.286
5.6	2	0	76	769.27
5.6	2	1	109	322.826
5.6	2	2	38.5	995.512
5.6	2	3	4.5	579.586
5.6	2	4	194.5	590.635
5.6	3	0	9.5	1082.49
5.6	3	1	6.5	710.172
5.6	3	2	75	924.063
5.6	3	3	438.5	390.747
5.6	3	4	24.5	1005.71
5.6	4	0	380	862.155
5.6	4	1	174.5	562.233
5.6	4	2	342.5	1068.76
5.6	4	3	181	366.011
5.6	4	4	107	550.461
5.7	0	0	69.5	495.731
5.7	0	1	0.5	867.336
5.7	0	2	316.5	618.98
5.7	0	3	9.5	1022.56
5.7	0	4	288.5	817.69
5.7	1	0	300	337.804
5.7	1	1	393.5	606.714
5.7	1	2	312	784.223
5.7	1	3	240.5	960.999
5.7	1	4	258.5	843.286
5.7	2	0	76	769.27
5.7	2	1	109	322.826
5.7	2	2	38.5	995.512
5.7	2	3	4.5	579.586
5.7	2	4	194.5	590.635
5.7	3	0	9.5	1082.49
5.7	3	1	6.5	710.172
5.7	3	2	75	924.063
5.7	3	3	438.5	390.747
5.7	3	4	24.5	1005.71
5.7	4	0	380	862.155
5.7	4	1	174.5	562.233
5.7	4	2	342.5	1068.76
5.7	4	3	181	366.011
5.7	4	4	107	550.461
5.8	0	0	69.5	495.731
5.8	0	1	0.5	867.336
5.8	0	2	316.5	618.98
5.8	0	3	9.5	1022.56
5.8	0	4	288.5	817.69
5.8	1	0	300	337.804
5.8	1	1	393.5	606.714
5.8	1	2	312	784.223
5.8	1	3	240.5	960.999
5.8	1	4	258.5	843.286
5.8	2	0	76	769.27
5.8	2	1	109	322.826
5.8	2	2	38.5	995.512
5.8	2	3	4.5	579.586
5.8	2	4	194.5	590.635
5.8	3	0	9.5	1082.49
5.8	3	1	6.5	710.172
5.8	3	2	75	924.063
5.8	3	3	438.5	390.747
5.8	3	4	24.5	1005.71
5.8	4	0	380	862.155
5.8	4	1	174.5	562.233
5.8	4	2	342.5	1068.76
5.8	4	3	181	366.011
5.8	4	4	107	550.461
5.9	0	0	69.5	495.731
5.9	0	1	0.5	867.336
5.9	0	2	316.5	618.98
5.9	0	3	9.5	1022.56
5.9	0	4	288.5	817.69
5.9	1	0	300	337.804
5.9	1	1	393.5	606.714
5.9	1	2	312	784.223
5.9	1	3	240.5	960.999
5.9	1	4	258.5	843.286
5.9	2	0	76	769.27
5.9	2	1	109	322.826
5.9	2	2	38.5	995.512
5.9	2	3	4.5	579.586
5.9	2	4	194.5	590.635
5.9	3	0	9.5	1082.49
5.9	3	1	6.5	710.172
5.9	3	2	75	924.063
5.9	3	3	438.5	390.747
5.9	3	4	24.5	1005.71
5.9	4	0	380	862.155
5.9	4	1	174.5	562.233
5.9	4	2	342.5	1068.76
5.9	4	3	181	366.011
5.9	4	4	107	550.461
6	0	0	69.5	495.731
6	0	1	0.5	867.336
6	0	2	316.5	618.98
6	0	3	9.5	1022.56
6	0	4	288.5	817.69
6	1	0	300	337.804
6	1	1	393.5	606.714
6	1	2	312	784.223
6	1	3	240.5	960.999
6	1	4	258.5	843.286
6	2	0	76	769.27
6	2	1	109	322.826
6	2	2	38.5	995.512
6	2	3	4.5	579.586
6	2	4	194.5	590.635
6	3	0	9.5	1082.49
6	3	1	6.5	710.172
6	3	2	75	924.063
6	3	3	438.5	390.747
6	3	4	24.5	1005.71
6	4	0	380	862.155
6	4	1	174.5	562.233
6	4	2	342.5	1068.76
6	4	3	181	366.011
6	4	4	107	550.461
6.1	0	0	38.6153	531.712
6.1	0	1	0.5	923.454
6.1	0	2	296.5	639.531
6.1	0	3	9.5	1067.17
6.1	0	4	268.5	843.206
6.1	1	0	290	352.17
6.1	1	1	333.5	678.386
6.1	1	2	302	799.493
6.1	1	3	210.5	1008.06
6.1	1	4	228.5	866.587
6.1	2	0	26	845.367
6.1	2	1	89	367.861
6.1	2	2	8.5	1033.1
6.1	2	3	4.5	590.736
6.1	2	4	134.5	641.814
6.1	3	0	9.5	1152.87
6.1	3	1	6.5	778.886
6.1	3	2	35	974.249
6.1	3	3	388.5	450.316
6.1	3	4	4.5	1012.08
6.1	4	0	360	886.355
6.1	4	1	94.5	620.687
6.1	4	2	302.5	1100.77
6.1	4	3	171	389.303
6.1	4	4	67	601.263
6.2	0	0	38.6153	531.712
6.2	0	1	0.5	923.454
6.2	0	2	296.5	639.531
6.2	0	3	9.5	1067.17
6.2	0	4	268.5	843.206
6.2	1	0	290	352.17
6.2	1	1	333.5	678.386
6.2	1	2	302	799.493
6.2	1	3	210.5	1008.06
6.2	1	4	228.5	866.587
6.2	2	0	26	845.367
6.2	2	1	89	367.861
6.2	2	2	8.5	1033.1
6.2	2	3	4.5	590.736
6.2	2	4	134.5	641.814
6.2	3	0	9.5	1152.87
6.2	3	1	6.5	778.886
6.2	3	2	35	974.249
6.2	3	3	388.5	450.316
6.2	3	4	4.5	1012.08
6.2	4	0	360	886.355
6.2	4	1	94.5	620.687
6.2	4	2	302.5	1100.77
6.2	4	3	171	389.303
6.2	4	4	67	601.263
6.3	0	0	38.6153	531.712
6.3	0	1	0.5	923.454
6.3	0	2	296.5	639.531
6.3	0	3	9.5	1067.17
6.3	0	4	268.5	843.206
6.3	1	0	290	352.17
6.3	1	1	333.5	678.386
6.3	1	2	302	799.493
6.3	1	3	210.5	1008.06
6.3	1	4	228.5	866.587
6.3	2	0	26	845.367
6.3	2	1	89	367.861
6.3	2	2	8.5	1033.1
6.3	2	3	4.5	590.736
6.3	2	4	134.5	641.814
6.3	3	0	9.5	1152.87
6.3	3	1	6.5	778.886
6.3	3	2	35	974.249
6.3	3	3	388.5	450.316
6.3	3	4	4.5	1012.08
6.3	4	0	360	886.355
6.3	4	1	94.5	620.687
6.3	4	2	302.5	1100.77
6.3	4	3	171	389.303
6.3	4	4	67	601.263
6.4	0	0	38.6153	531.712
6.4	0	1	0.5	923.454
6.4	0	2	296.5	639.531
6.4	0	3	9.5	1067.17
6.4	0	4	268.5	843.206
6.4	1	0	290	352.17
6.4	1	1	333.5	678.386
6.4	1	2	302	799.493
6.4	1	3	210.5	1008.06
6.4	1	4	228.5	866.587
6.4	2	0	26	845.367
6.4	2	1	89	367.861
6.4	2	2	8.5	1033.1
6.4	2	3	4.5	590.736
6.4	2	4	134.5	641.814
6.4	3	0	9.5	1152.87
6.4	3	1	6.5	778.886
6.4	3	2	35	974.249
6.4	3	3	388.5	450.316
6.4	3	4	4.5	1012.08
6.4	4	0	360	886.355
6.4	4	1	94.5	620.687
6.4	4	2	302.5	1100.77
6.4	4	3	171	389.303
6.4	4	4	67	601.263
6.5	0	0	38.6153	531.712
6.5	0	1	0.5	923.454
6.5	0	2	296.5	639.531
6.5	0	3	9.5	1067.17
6.5	0	4	268.5	843.206
6.5	1	0	290	352.17
6.5	1	1	333.5	678.386
6.5	1	2	302	799.493
6.5	1	3	210.5	1008.06
6.5	1	4	228.5	866.587
6.5	2	0	26	845.367
6.5	2	1	89	367.861
6.5	2	2	8.5	1033.1
6.5	2	3	4.5	590.736
6.5	2	4	134.5	641.814
6.5	3	0	9.5	1152.87
6.5	3	1	6.5	778.886
6.5	3	2	35	974.249
6.5	3	3	388.5	450.316
6.5	3	4	4.5	1012.08
6.5	4	0	360	886.355
6.5	4	1	94.5	620.687
6.5	4	2	302.5	1100.77
6.5	4	3	171	389.303
6.5	4	4	67	601.263
6.6	0	0	38.6153	531.712
6.6	0	1	0.5	923.454
6.6	0	2	296.5	639.531
6.6	0	3	9.5	1067.17
6.6	0	4	268.5	843.206
6.6	1	0	290	352.17
6.6	1	1	333.5	678.386
6.6	1	2	302	799.493
6.6	1	3	210.5	1008.06
6.6	1	4	228.5	866.587
6.6	2	0	26	845.367
6.6	2	1	89	367.861
6.6	2	2	8.5	1033.1
6.6	2	3	4.5	590.736
6.6	2	4	134.5	641.814
6.6	3	0	9.5	1152.87
6.6	3	1	6.5	778.886
6.6	3	2	35	974.249
6.6	3	3	388.5	450.316
6.6	3	4	4.5	1012.08
6.6	4	0	360	886.355
6.6	4	1	94.5	620.687
6.6	4	2	302.5	1100.77
6.6	4	3	171	389.303
6.6	4	4	67	601.263
6.7	0	0	38.6153	531.712
6.7	0	1	0.5	923.454
6.7	0	2	296.5	639.531
6.7	0	3	9.5	1067.17
6.7	0	4	268.5	843.206
6.7	1	0	290	352.17
6.7	1	1	333.5	678.386
6.7	1	2	302	799.493
6.7	1	3	210.5	1008.06
6.7	1	4	228.5	866.587
6.7	2	0	26	845.367
6.7	2	1	89	367.861
6.7	2	2	8.5	1033.1
6.7	2	3	4.5	590.736
6.7	2	4	134.5	641.814
6.7	3	0	9.5	1152.87
6.7	3	1	6.5	778.886
6.7	3	2	35	974.249
6.7	3	3	388.5	450.316
6.7	3	4	4.5	1012.08
6.7	4	0	360	886.355
6.7	4	1	94.5	620.687
6.7	4	2	302.5	1100.77
6.7	4	3	171	389.303
6.7	4	4	67	601.263
6.8	0	0	38.6153	531.712
6.8	0	1	0.5	923.454
6.8	0	2	296.5	639.531
6.8	0	3	9.5	1067.17
6.8	0	4	268.5	843.206
6.8	1	0	290	352.17
6.8	1	1	333.5	678.386
6.8	1	2	302	799.493
6.8	1	3	210.5	1008.06
6.8	1	4	228.5	866.587
6.8	2	0	26	845.367
6.8	2	1	89	367.861
6.8	2	2	8.5	1033.1
6.8	2	3	4.5	590.736
6.8	2	4	134.5	641.814
6.8	3	0	9.5	1152.87
6.8	3	1	6.5	778.886
6.8	3	2	35	974.249
6.8	3	3	388.5	450.316
6.8	3	4	4.5	1012.08
6.8	4	0	360	886.355
6.8	4	1	94.5	620.687
6.8	4	2	302.5	1100.77
6.8	4	3	171	389.303
6.8	4	4	67	601.263
6.9	0	0	38.6153	531.712
6.9	0	1	0.5	923.454
6.9	0	2	296.5	639.531
6.9	0	3	9.5	1067.17
6.9	0	4	268.5	843.206
6.9	1	0	290	352.17
6.9	1	1	333.5	678.386
6.9	1	2	302	799.493
6.9	1	3	210.5	1008.06
6.9	1	4	228.5	866.587
6.9	2	0	26	845.367
6.9	2	1	89	367.861
6.9	2	2	8.5	1033.1
6.9	2	3	4.5	590.736
6.9	2	4	134.5	641.814
6.9	3	0	9.5	1152.87
6.9	3	1	6.5	778.886
6.9	3	2	35	974.249
6.9	3	3	388.5	450.316
6.9	3	4	4.5	1012.08
6.9	4	0	360	886.355
6.9	4	1	94.5	620.687
6.9	4	2	302.5	1100.77
6.9	4	3	171	389.303
6.9	4	4	67	601.263
7	0	0	38.6153	531.712
7	0	1	0.5	923.454
7	0	2	296.5	639.531
7	0	3	9.5	1067.17
7	0	4	268.5	843.206
7	1	0	290	352.17
7	1	1	333.5	678.386
7	1	2	302	799.493
7	1	3	210.5	1008.06
7	1	4	228.5	866.587
7	2	0	26	845.367
7	2	1	89	367.861
7	2	2	8.5	1033.1
7	2	3	4.5	590.736
7	2	4	134.5	641.814
7	3	0	9.5	1152.87
7	3	1	6.5	778.886
7	3	2	35	974.249
7	3	3	388.5	450.316
7	3	4	4.5	1012.08
7	4	0	360	886.355
7	4	1	94.5	620.687
7	4	2	302.5	1100.77
7	4	3	171	389.303
7	4	4	67	601.263
7.1	0	0	23.2039	550.504
7.1	0	1	0.5	996.893
7.1	0	2	246.5	678.306
7.1	0	3	9.5	1097.61
7.1	0	4	238.5	878.288
7.1	1	0	250	397.655
7.1	1	1	283.5	730.863
7.1	1	2	232	893.206
7.1	1	3	210.5	1008.06
7.1	1	4	207.843	875.013
7.1	2	0	6	911.371
7.1	2	1	69	401.561
7.1	2	2	8.5	1048.97
7.1	2	3	4.5	613.424
7.1	2	4	94.5	675.622
7.1	3	0	9.5	1191.36
7.1	3	1	6.5	817.624
7.1	3	2	5	1036.72
7.1	3	3	358.5	494.391
7.1	3	4	4.5	1012.08
7.1	4	0	300	946.766
7.1	4	1	54.5	633.501
7.1	4	2	262.5	1145.22
7.1	4	3	141	426.679
7.1	4	4	37	630.484
7.2	0	0	23.2039	550.504
7.2	0	1	0.5	996.893
7.2	0	2	246.5	678.306
7.2	0	3	9.5	1097.61
7.2	0	4	238.5	878.288
7.2	1	0	250	397.655
7.2	1	1	283.5	730.863
7.2	1	2	232	893.206
7.2	1	3	210.5	1008.06
7.2	1	4	207.843	875.013
7.2	2	0	6	911.371
7.2	2	1	69	401.561
7.2	2	2	8.5	1048.97
7.2	2	3	4.5	613.424
7.2	2	4	94.5	675.622
7.2	3	0	9.5	1191.36
7.2	3	1	6.5	817.624
7.2	3	2	5	1036.72
7.2	3	3	358.5	494.391
7.2	3	4	4.5	1012.08
7.2	4	0	300	946.766
7.2	4	1	54.5	633.501
7.2	4	2	262.5	1145.22
7.2	4	3	141	426.679
7.2	4	4	37	630.484
7.3	0	0	23.2039	550.504
7.3	0	1	0.5	996.893
7.3	0	2	246.5	678.306
7.3	0	3	9.5	1097.61
7.3	0	4	238.5	878.288
7.3	1	0	250	397.655
7.3	1	1	283.5	730.863
7.3	1	2	232	893.206
7.3	1	3	210.5	1008.06
7.3	1	4	207.843	875.013
7.3	2	0	6	911.371
7.3	2	1	69	401.561
7.3	2	2	8.5	1048.97
7.3	2	3	4.5	613.424
7.3	2	4	94.5	675.622
7.3	3	0	9.5	1191.36
7.3	3	1	6.5	817.624
7.3	3	2	5	1036.72
7.3	3	3	358.5	494.391
7.3	3	4	4.5	1012.08
7.3	4	0	300	946.766
7.3	4	1	54.5	633.501
7.3	4	2	262.5	1145.22
7.3	4	3	141	426.679
7.3	4	4	37	630.484
7.4	0	0	23.2039	550.504
7.4	0	1	0.5	996.893
7.4	0	2	246.5	678.306
7.4	0	3	9.5	1097.61
7.4	0	4	238.5	878.288
7.4	1	0	250	397.655
7.4	1	1	283.5	730.863
7.4	1	2	232	893.206
7.4	1	3	210.5	1008.06
7.4	1	4	207.843	875.013
7.4	2	0	6	911.371
7.4	2	1	69	401.561
7.4	2	2	8.5	1048.97
7.4	2	3	4.5	613.424
7.4	2	4	94.5	675.622
7.4	3	0	9.5	1191.36
7.4	3	1	6.5	817.624
7.4	3	2	5	1036.72
7.4	3	3	358.5	494.391
7.4	3	4	4.5	1012.08
7.4	4	0	300	946.766
7.4	4	1	54.5	633.501
7.4	4	2	262.5	1145.22
7.4	4	3	141	426.679
7.4	4	4	37	630.484
7.5	0	0	23.2039	550.504
7.5	0	1	0.5	996.893
7.5	0	2	246.5	678.306
7.5	0	3	9.5	1097.61
7.5	0	4	238.5	878.288
7.5	1	0	250	397.655
7.5	1	1	283.5	730.863
7.5	1	2	232	893.206
7.5	1	3	210.5	1008.06
7.5	1	4	207.843	875.013
7.5	2	0	6	911.371
7.5	2	1	69	401.561
7.5	2	2	8.5	1048.97
7.5	2	3	4.5	613.424
7.5	2	4	94.5	675.622
7.5	3	0	9.5	1191.36
7.5	3	1	6.5	817.624
7.5	3	2	5	1036.72
7.5	3	3	358.5	494.391
7.5	3	4	4.5	1012.08
7.5	4	0	300	946.766
7.5	4	1	54.5	633.501
7.5	4	2	262.5	1145.22
7.5	4	3	141	426.679
7.5	4	4	37	630.484
7.6	0	0	23.2039	550.504
7.6	0	1	0.5	996.893
7.6	0	2	246.5	678.306
7.6	0	3	9.5	1097.61
7.6	0	4	238.5	878.288
7.6	1	0	250	397.655
7.6	1	1	283.5	730.863
7.6	1	2	232	893.206
7.6	1	3	210.5	1008.06
7.6	1	4	207.843	875.013
7.6	2	0	6	911.371
7.6	2	1	69	401.561
7.6	2	2	8.5	1048.97
7.6	2	3	4.5	613.424
7.6	2	4	94.5	675.622
7.6	3	0	9.5	1191.36
7.6	3	1	6.5	817.624
7.6	3	2	5	1036.72
7.6	3	3	358.5	494.391
7.6	3	4	4.5	1012.08
7.6	4	0	300	946.766
7.6	4	1	54.5	633.501
7.6	4	2	262.5	1145.22
7.6	4	3	141	426.679
7.6	4	4	37	630.484
7.7	0	0	23.2039	550.504
7.7	0	1	0.5	996.893
7.7	0	2	246.5	678.306
7.7	0	3	9.5	1097.61
7.7	0	4	238.5	878.288
7.7	1	0	250	397.655
7.7	1	1	283.5	730.863
7.7	1	2	232	893.206
7.7	1	3	210.5	1008.06
7.7	1	4	207.843	875.013
7.7	2	0	6	911.371
7.7	2	1	69	401.561
7.7	2	2	8.5	1048.97
7.7	2	3	4.5	613.424
7.7	2	4	94.5	675.622
7.7	3	0	9.5	1191.36
7.7	3	1	6.5	817.624
7.7	3	2	5	1036.72
7.7	3	3	358.5	494.391
7.7	3	4	4.5	1012.08
7.7	4	0	300	946.766
7.7	4	1	54.5	633.501
7.7	4	2	262.5	1145.22
7.7	4	3	141	426.679
7.7	4	4	37	630.484
7.8	0	0	23.2039	550.504
7.8	0	1	0.5	996.893
7.8	0	2	246.5	678.306
7.8	0	3	9.5	1097.61
7.8	0	4	238.5	878.288
7.8	1	0	250	397.655
7.8	1	1	283.5	730.863
7.8	1	2	232	893.206
7.8	1	3	210.5	1008.06
7.8	1	4	207.843	875.013
7.8	2	0	6	911.371
7.8	2	1	69	401.561
7.8	2	2	8.5	1048.97
7.8	2	3	4.5	613.424
7.8	2	4	94.5	675.622
7.8	3	0	9.5	1191.36
7.8	3	1	6.5	817.624
7.8	3	2	5	1036.72
7.8	3	3	358.5	494.391
7.8	3	4	4.5	1012.08
7.8	4	0	300	946.766
7.8	4	1	54.5	633.501
7.8	4	2	262.5	1145.22
7.8	4	3	141	426.679
7.8	4	4	37	630.484
7.9	0	0	23.2039	550.504
7.9	0	1	0.5	996.893
7.9	0	2	246.5	678.306
7.9	0	3	9.5	1097.61
7.9	0	4	238.5	878.288
7.9	1	0	250	397.655
7.9	1	1	283.5	730.863
7.9	1	2	232	893.206
7.9	1	3	210.5	1008.06
7.9	1	4	207.843	875.013
7.9	2	0	6	911.371
7.9	2	1	69	401.561
7.9	2	2	8.5	1048.97
7.9	2	3	4.5	613.424
7.9	2	4	94.5	675.622
7.9	3	0	9.5	1191.36
7.9	3	1	6.5	817.624
7.9	3	2	5	1036.72
7.9	3	3	358.5	494.391
7.9	3	4	4.5	1012.08
7.9	4	0	300	946.766
7.9	4	1	54.5	633.501
7.9	4	2	262.5	1145.22
7.9	4	3	141	426.679
7.9	4	4	37	630.484
8	0	0	23.2039	550.504
8	0	1	0.5	996.893
8	0	2	246.5	678.306
8	0	3	9.5	1097.61
8	0	4	238.5	878.288
8	1	0	250	397.655
8	1	1	283.5	730.863
8	1	2	232	893.206
8	1	3	210.5	1008.06
8	1	4	207.843	875.013
8	2	0	6	911.371
8	2	1	69	401.561
8	2	2	8.5	1048.97
8	2	3	4.5	613.424
8	2	4	94.5	675.622
8	3	0	9.5	1191.36
8	3	1	6.5	817.624
8	3	2	5	1036.72
8	3	3	358.5	494.391
8	3	4	4.5	1012.08
8	4	0	300	946.766
8	4	1	54.5	633.501
8	4	2	262.5	1145.22
8	4	3	141	426.679
8	4	4	37	630.484
8.1	0	0	3.20385	589.795
8.1	0	1	0.5	1039.92
8.1	0	2	236.5	693.531
8.1	0	3	9.5	1105.28
8.1	0	4	228.5	899.11
8.1	1	0	210	445.669
8.1	1	1	263.5	775.464
8.1	1	2	195.41	925.556
8.1	1	3	167.846	1052.86
8.1	1	4	189.881	883.045
8.1	2	0	6	956.947
8.1	2	1	29	453.578
8.1	2	2	8.5	1124.59
8.1	2	3	4.5	618.243
8.1	2	4	64.5	683.688
8.1	3	0	9.5	1240.07
8.1	3	1	6.5	878.5
8.1	3	2	5	1070.03
8.1	3	3	338.5	519.811
8.1	3	4	4.5	1012.08
8.1	4	0	290	963.797
8.1	4	1	4.5	647.658
8.1	4	2	192.5	1221.17
8.1	4	3	114.301	466.265
8.1	4	4	10.3005	664.781
8.2	0	0	3.20385	589.795
8.2	0	1	0.5	1039.92
8.2	0	2	236.5	693.531
8.2	0	3	9.5	1105.28
8.2	0	4	228.5	899.11
8.2	1	0	210	445.669
8.2	1	1	263.5	775.464
8.2	1	2	195.41	925.556
8.2	1	3	167.846	1052.86
8.2	1	4	189.881	883.045
8.2	2	0	6	956.947
8.2	2	1	29	453.578
8.2	2	2	8.5	1124.59
8.2	2	3	4.5	618.243
8.2	2	4	64.5	683.688
8.2	3	0	9.5	1240.07
8.2	3	1	6.5	878.5
8.2	3	2	5	1070.03
8.2	3	3	338.5	519.811
8.2	3	4	4.5	1012.08
8.2	4	0	290	963.797
8.2	4	1	4.5	647.658
8.2	4	2	192.5	1221.17
8.2	4	3	114.301	466.265
8.2	4	4	10.3005	664.781
8.3	0	0	3.20385	589.795
8.3	0	1	0.5	1039.92
8.3	0	2	236.5	693.531
8.3	0	3	9.5	1105.28
8.3	0	4	228.5	899.11
8.3	1	0	210	445.669
8.3	1	1	263.5	775.464
8.3	1	2	195.41	925.556
8.3	1	3	167.846	1052.86
8.3	1	4	189.881	883.045
8.3	2	0	6	956.947
8.3	2	1	29	453.578
8.3	2	2	8.5	1124.59
8.3	2	3	4.5	618.243
8.3	2	4	64.5	683.688
8.3	3	0	9.5	1240.07
8.3	3	1	6.5	878.5
8.3	3	2	5	1070.03
8.3	3	3	338.5	519.811
8.3	3	4	4.5	1012.08
8.3	4	0	290	963.797
8.3	4	1	4.5	647.658
8.3	4	2	192.5	1221.17
8.3	4	3	114.301	466.265
8.3	4	4	10.3005	664.781
8.4	0	0	3.20385	589.795
8.4	0	1	0.5	1039.92
8.4	0	2	236.5	693.531
8.4	0	3	9.5	1105.28
8.4	0	4	228.5	899.11
8.4	1	0	210	445.669
8.4	1	1	263.5	775.464
8.4	1	2	195.41	925.556
8.4	1	3	167.846	1052.86
8.4	1	4	189.881	883.045
8.4	2	0	6	956.947
8.4	2	1	29	453.578
8.4	2	2	8.5	1124.59
8.4	2	3	4.5	618.243
8.4	2	4	64.5	683.688
8.4	3	0	9.5	1240.07
8.4	3	1	6.5	878.5
8.4	3	2	5	1070.03
8.4	3	3	338.5	519.811
8.4	3	4	4.5	1012.08
8.4	4	0	290	963.797
8.4	4	1	4.5	647.658
8.4	4	2	192.5	1221.17
8.4	4	3	114.301	466.265
8.4	4	4	10.3005	664.781
8.5	0	0	3.20385	589.795
8.5	0	1	0.5	1039.92
8.5	0	2	236.5	693.531
8.5	0	3	9.5	1105.28
8.5	0	4	228.5	899.11
8.5	1	0	210	445.669
8.5	1	1	263.5	775.464
8.5	1	2	195.41	925.556
8.5	1	3	167.846	1052.86
8.5	1	4	189.881	883.045
8.5	2	0	6	956.947
8.5	2	1	29	453.578
8.5	2	2	8.5	1124.59
8.5	2	3	4.5	618.243
8.5	2	4	64.5	683.688
8.5	3	0	9.5	1240.07
8.5	3	1	6.5	878.5
8.5	3	2	5	1070.03
8.5	3	3	338.5	519.811
8.5	3	4	4.5	1012.08
8.5	4	0	290	963.797
8.5	4	1	4.5	647.658
8.5	4	2	192.5	1221.17
8.5	4	3	114.301	466.265
8.5	4	4	10.3005	664.781
8.6	0	0	3.20385	589.795
8.6	0	1	0.5	1039.92
8.6	0	2	236.5	693.531
8.6	0	3	9.5	1105.28
8.6	0	4	228.5	899.11
8.6	1	0	210	445.669
8.6	1	1	263.5	775.464
8.6	1	2	195.41	925.556
8.6	1	3	167.846	1052.86
8.6	1	4	189.881	883.045
8.6	2	0	6	956.947
8.6	2	1	29	453.578
8.6	2	2	8.5	1124.59
8.6	2	3	4.5	618.243
8.6	2	4	64.5	683.688
8.6	3	0	9.5	1240.07
8.6	3	1	6.5	878.5
8.6	3	2	5	1070.03
8.6	3	3	338.5	519.811
8.6	3	4	4.5	1012.08
8.6	4	0	290	963.797
8.6	4	1	4.5	647.658
8.6	4	2	192.5	1221.17
8.6	4	3	114.301	466.265
8.6	4	4	10.3005	664.781
8.7	0	0	3.20385	589.795
8.7	0	1	0.5	1039.92
8.7	0	2	236.5	693.531
8.7	0	3	9.5	1105.28
8.7	0	4	228.5	899.11
8.7	1	0	210	445.669
8.7	1	1	263.5	775.464
8.7	1	2	195.41	925.556
8.7	1	3	167.846	1052.86
8.7	1	4	189.881	883.045
8.7	2	0	6	956.947
8.7	2	1	29	453.578
8.7	2	2	8.5	1124.59
8.7	2	3	4.5	618.243
8.7	2	4	64.5	683.688
8.7	3	0	9.5	1240.07
8.7	3	1	6.5	878.5
8.7	3	2	5	1070.03
8.7	3	3	338.5	519.811
8.7	3	4	4.5	1012.08
8.7	4	0	290	963.797
8.7	4	1	4.5	647.658
8.7	4	2	192.5	1221.17
8.7	4	3	114.301	466.265
8.7	4	4	10.3005	664.781
8.8	0	0	3.20385	589.795
8.8	0	1	0.5	1039.92
8.8	0	2	236.5	693.531
8.8	0	3	9.5	1105.28
8.8	0	4	228.5	899.11
8.8	1	0	210	445.669
8.8	1	1	263.5	775.464
8.8	1	2	195.41	925.556
8.8	1	3	167.846	1052.86
8.8	1	4	189.881	883.045
8.8	2	0	6	956.947
8.8	2	1	29	453.578
8.8	2	2	8.5	1124.59
8.8	2	3	4.5	618.243
8.8	2	4	64.5	683.688
8.8	3	0	9.5	1240.07
8.8	3	1	6.5	878.5
8.8	3	2	5	1070.03
8.8	3	3	338.5	519.811
8.8	3	4	4.5	1012.08
8.8	4	0	290	963.797
8.8	4	1	4.5	647.658
8.8	4	2	192.5	1221.17
8.8	4	3	114.301	466.265
8.8	4	4	10.3005	664.781
8.9	0	0	3.20385	589.795
8.9	0	1	0.5	1039.92
8.9	0	2	236.5	693.531
8.9	0	3	9.5	1105.28
8.9	0	4	228.5	899.11
8.9	1	0	210	445.669
8.9	1	1	263.5	775.464
8.9	1	2	195.41	925.556
8.9	1	3	167.846	1052.86
8.9	1	4	189.881	883.045
8.9	2	0	6	956.947
8.9	2	1	29	453.578
8.9	2	2	8.5	1124.59
8.9	2	3	4.5	618.243
8.9	2	4	64.5	683.688
8.9	3	0	9.5	1240.07
8.9	3	1	6.5	878.5
8.9	3	2	5	1070.03
8.9	3	3	338.5	519.811
8.9	3	4	4.5	1012.08
8.9	4	0	290	963.797
8.9	4	1	4.5	647.658
8.9	4	2	192.5	1221.17
8.9	4	3	114.301	466.265
8.9	4	4	10.3005	664.781
9	0	0	3.20385	589.795
9	0	1	0.5	1039.92
9	0	2	236.5	693.531
9	0	3	9.5	1105.28
9	0	4	228.5	899.11
9	1	0	210	445.669
9	1	1	263.5	775.464
9	1	2	195.41	925.556
9	1	3	167.846	1052.86
9	1	4	189.881	883.045
9	2	0	6	956.947
9	2	1	29	453.578
9	2	2	8.5	1124.59
9	2	3	4.5	618.243
9	2	4	64.5	683.688
9	3	0	9.5	1240.07
9	3	1	6.5	878.5
9	3	2	5	1070.03
9	3	3	338.5	519.811
9	3	4	4.5	1012.08
9	4	0	290	963.797
9	4	1	4.5	647.658
9	4	2	192.5	1221.17
9	4	3	114.301	466.265
9	4	4	10.3005	664.781
9.1	0	0	3.20385	653.927
9.1	0	1	0.5	1066.5
9.1	0	2	226.5	708.756
9.1	0	3	9.5	1115.49
9.1	0	4	208.5	917.468
9.1	1	0	190	458.851
9.1	1	1	233.5	816.339
9.1	1	2	138.916	1000.65
9.1	1	3	125.192	1105.37
9.1	1	4	174.573	890.785
9.1	2	0	6	996.198
9.1	2	1	9	515.495
9.1	2	2	8.5	1157.95
9.1	2	3	4.5	620.224
9.1	2	4	54.5	684.954
9.1	3	0	9.5	1309.34
9.1	3	1	6.5	923.956
9.1	3	2	5	1112.13
9.1	3	3	318.5	553.359
9.1	3	4	4.5	1037.32
9.1	4	0	260	983.761
9.1	4	1	4.5	653.616
9.1	4	2	142.5	1274.78
9.1	4	3	104.301	489.505
9.1	4	4	0.300513	699.54
9.2	0	0	3.20385	653.927
9.2	0	1	0.5	1066.5
9.2	0	2	226.5	708.756
9.2	0	3	9.5	1115.49
9.2	0	4	208.5	917.468
9.2	1	0	190	458.851
9.2	1	1	233.5	816.339
9.2	1	2	138.916	1000.65
9.2	1	3	125.192	1105.37
9.2	1	4	174.573	890.785
9.2	2	0	6	996.198
9.2	2	1	9	515.495
9.2	2	2	8.5	1157.95
9.2	2	3	4.5	620.224
9.2	2	4	54.5	684.954
9.2	3	0	9.5	1309.34
9.2	3	1	6.5	923.956
9.2	3	2	5	1112.13
9.2	3	3	318.5	553.359
9.2	3	4	4.5	1037.32
9.2	4	0	260	983.761
9.2	4	1	4.5	653.616
9.2	4	2	142.5	1274.78
9.2	4	3	104.301	489.505
9.2	4	4	0.300513	699.54
9.3	0	0	3.20385	653.927
9.3	0	1	0.5	1066.5
9.3	0	2	226.5	708.756
9.3	0	3	9.5	1115.49
9.3	0	4	208.5	917.468
9.3	1	0	190	458.851
9.3	1	1	233.5	816.339
9.3	1	2	138.916	1000.65
9.3	1	3	125.192	1105.37
9.3	1	4	174.573	890.785
9.3	2	0	6	996.198
9.3	2	1	9	515.495
9.3	2	2	8.5	1157.95
9.3	2	3	4.5	620.224
9.3	2	4	54.5	684.954
9.3	3	0	9.5	1309.34
9.3	3	1	6.5	923.956
9.3	3	2	5	1112.13
9.3	3	3	318.5	553.359
9.3	3	4	4.5	1037.32
9.3	4	0	260	983.761
9.3	4	1	4.5	653.616
9.3	4	2	142.5	1274.78
9.3	4	3	104.301	489.505
9.3	4	4	0.300513	699.54
9.4	0	0	3.20385	653.927
9.4	0	1	0.5	1066.5
9.4	0	2	226.5	708.756
9.4	0	3	9.5	1115.49
9.4	0	4	208.5	917.468
9.4	1	0	190	458.851
9.4	1	1	233.5	816.339
9.4	1	2	138.916	1000.65
9.4	1	3	125.192	1105.37
9.4	1	4	174.573	890.785
9.4	2	0	6	996.198
9.4	2	1	9	515.495
9.4	2	2	8.5	1157.95
9.4	2	3	4.5	620.224
9.4	2	4	54.5	684.954
9.4	3	0	9.5	1309.34
9.4	3	1	6.5	923.956
9.4	3	2	5	1112.13
9.4	3	3	318.5	553.359
9.4	3	4	4.5	1037.32
9.4	4	0	260	983.761
9.4	4	1	4.5	653.616
9.4	4	2	142.5	1274.78
9.4	4	3	104.301	489.505
9.4	4	4	0.300513	699.54
9.5	0	0	3.20385	653.927
9.5	0	1	0.5	1066.5
9.5	0	2	226.5	708.756
9.5	0	3	9.5	1115.49
9.5	0	4	208.5	917.468
9.5	1	0	190	458.851
9.5	1	1	233.5	816.339
9.5	1	2	138.916	1000.65
9.5	1	3	125.192	1105.37
9.5	1	4	174.573	890.785
9.5	2	0	6	996.198
9.5	2	1	9	515.495
9.5	2	2	8.5	1157.95
9.5	2	3	4.5	620.224
9.5	2	4	54.5	684.954
9.5	3	0	9.5	1309.34
9.5	3	1	6.5	923.956
9.5	3	2	5	1112.13
9.5	3	3	318.5	553.359
9.5	3	4	4.5	1037.32
9.5	4	0	260	983.761
9.5	4	1	4.5	653.616
9.5	4	2	142.5	1274.78
9.5	4	3	104.301	489.505
9.5	4	4	0.300513	699.54
9.6	0	0	3.20385	653.927
9.6	0	1	0.5	1066.5
9.6	0	2	226.5	708.756
9.6	0	3	9.5	1115.49
9.6	0	4	208.5	917.468
9.6	1	0	190	458.851
9.6	1	1	233.5	816.339
9.6	1	2	138.916	1000.65
9.6	1	3	125.192	1105.37
9.6	1	4	174.573	890.785
9.6	2	0	6	996.198
9.6	2	1	9	515.495
9.6	2	2	8.5	1157.95
9.6	2	3	4.5	620.224
9.6	2	4	54.5	684.954
9.6	3	0	9.5	1309.34
9.6	3	1	6.5	923.956
9.6	3	2	5	1112.13
9.6	3	3	318.5	553.359
9.6	3	4	4.5	1037.32
9.6	4	0	260	983.761
9.6	4	1	4.5	653.616
9.6	4	2	142.5	1274.78
9.6	4	3	104.301	489.505
9.6	4	4	0.300513	699.54
9.7	0	0	3.20385	653.927
9.7	0	1	0.5	1066.5
9.7	0	2	226.5	708.756
9.7	0	3	9.5	1115.49
9.7	0	4	208.5	917.468
9.7	1	0	190	458.851
9.7	1	1	233.5	816.339
9.7	1	2	138.916	1000.65
9.7	1	3	125.192	1105.37
9.7	1	4	174.573	890.785
9.7	2	0	6	996.198
9.7	2	1	9	515.495
9.7	2	2	8.5	1157.95
9.7	2	3	4.5	620.224
9.7	2	4	54.5	684.954
9.7	3	0	9.5	1309.34
9.7	3	1	6.5	923.956
9.7	3	2	5	1112.13
9.7	3	3	318.5	553.359
9.7	3	4	4.5	1037.32
9.7	4	0	260	983.761
9.7	4	1	4.5	653.616
9.7	4	2	142.5	1274.78
9.7	4	3	104.301	489.505
9.7	4	4	0.300513	699.54
9.8	0	0	3.20385	653.927
9.8	0	1	0.5	1066.5
9.8	0	2	226.5	708.756
9.8	0	3	9.5	1115.49
9.8	0	4	208.5	917.468
9.8	1	0	190	458.851
9.8	1	1	233.5	816.339
9.8	1	2	138.916	1000.65
9.8	1	3	125.192	1105.37
9.8	1	4	174.573	890.785
9.8	2	0	6	996.198
9.8	2	1	9	515.495
9.8	2	2	8.5	1157.95
9.8	2	3	4.5	620.224
9.8	2	4	54.5	684.954
9.8	3	0	9.5	1309.34
9.8	3	1	6.5	923.956
9.8	3	2	5	1112.13
9.8	3	3	318.5	553.359
9.8	3	4	4.5	1037.32
9.8	4	0	260	983.761
9.8	4	1	4.5	653.616
9.8	4	2	142.5	1274.78
9.8	4	3	104.301	489.505
9.8	4	4	0.300513	699.54
9.9	0	0	3.20385	653.927
9.9	0	1	0.5	1066.5
9.9	0	2	226.5	708.756
9.9	0	3	9.5	1115.49
9.9	0	4	208.5	917.468
9.9	1	0	190	458.851
9.9	1	1	233.5	816.339
9.9	1	2	138.916	1000.65
9.9	1	3	125.192	1105.37
9.9	1	4	174.573	890.785
9.9	2	0	6	996.198
9.9	2	1	9	515.495
9.9	2	2	8.5	1157.95
9.9	2	3	4.5	620.224
9.9	2	4	54.5	684.954
9.9	3	0	9.5	1309.34
9.9	3	1	6.5	923.956
9.9	3	2	5	1112.13
9.9	3	3	318.5	553.359
9.9	3	4	4.5	1037.32
9.9	4	0	260	983.761
9.9	4	1	4.5	653.616
9.9	4	2	142.5	1274.78
9.9	4	3	104.301	489.505
9.9	4	4	0.300513	699.54
10	0	0	3.20385	653.927
10	0	1	0.5	1066.5
10	0	2	226.5	708.756
10	0	3	9.5	1115.49
10	0	4	208.5	917.468
10	1	0	190	458.851
10	1	1	233.5	816.339
10	1	2	138.916	1000.65
10	1	3	125.192	1105.37
10	1	4	174.573	890.785
10	2	0	6	996.198
10	2	1	9	515.495
10	2	2	8.5	1157.95
10	2	3	4.5	620.224
10	2	4	54.5	684.954
10	3	0	9.5	1309.34
10	3	1	6.5	923.956
10	3	2	5	1112.13
10	3	3	318.5	553.359
10	3	4	4.5	1037.32
10	4	0	260	983.761
10	4	1	4.5	653.616
10	4	2	142.5	1274.78
10	4	3	104.301	489.505
10	4	4	0.300513	699.54
